20150228	144258
20150228	185044
20150301	114752
20150301	162349
20150306	112849
20150311	124240
20150316	091246
20150321	114832
20150326	101329
20150331	144419
20150228	153237
20150301	124134
20150301	173817
20150303	082851
20150305	104454
20150307	100459
20150309	090858&091446
20150311	073912
20150313	095203
20150315	090450
20150317	202708
20150319	082641
20150321	130536&130559
20150323	082351
20150325	114324
20150327	090539
20150329	104048
20150331	101607
20150228	114834
20150228	172215
20150301	141039
20150301	192709
20150303	103622
20150305	132231
20150307	120240
20150309	110935
20150311	093214
20150313	114415
20150315	105814
20150317	102240
20150319	105610
20150321	144549
20150323	105955
20150325	143248
20150327	105544
20150329	133137
20141125	000156
20141126	111415
20141126	151543
20141128	121404
20141130	115330
20141202	110542
20141203	103645
20141205	102648
20141207	115722
20141209	101632
20141211	140916
20141213	115553
20141215	125115
20141217	120259
20141219	105955
20141221	113118&115136
20141223	094533
20150112	103135
20150113	160417
20150114	152716
20150116	113236
20150118	112236
20150120	095710
20150122	093836
20150123	150954
20150124	111828
20150126	094735
20150128	111752
20150130	094711
20150201	111454
20150202	101928
20150203	103253
20150205	102524
20150207	114314
20150209	100711
20150211	160238
20150212	094703
20141123	000520
20141125	030700
20141125	215941
20141126	085441
20141127	101659
20141129	100639
20141201	083556
20141203	084234
20141205	083324
20141207	100218
20141209	082401
20141211	121707
20141213	100118
20141215	110325
20141217	104915
20141219	094111
20141221	095806
20141223	082741
20150112	085723
20150113	141832
20150114	140933
20150116	101239
20150118	100831
20150118	122056
20150120	083419
20150122	082416
20150123	135330
20150124	100435
20150126	083013
20150128	100143
20150128	171615
20150130	102501
20150201	095905
20150202	085844
20150203	091636
20150205	090558
20150207	102450
20150207	134254
20150209	084856
20150211	151241
20150212	082737
20150228	130909
20150228	174527
20150301	104001
20150301	143437
20150306	093422
20150311	101049
20150316	072301
20150321	095525
20150326	081710
20150331	125138
20150316	083627
20150306	104914
20150227	182234
20150228	182558
20150228	142050
20150321	111200
20150331	140317
20150311	112532
20150329	100439
20150326	093722
20150301	112611
20150301	154837
20150327	082741
20150307	112614
20150331	090237
20150323	102333
20150327	101915
20150329	115639
20150319	101913
20150325	135422
20150305	115921
20150311	085602
20150303	095846
20150309	103302
20150315	102127
20150321	141554
20150313	110801
20150301	132603
20150301	185053
20150228	110319
20150228	162802
20150317	094553
20141123	003522
20141125	033559
20141125	223115
20141126	102932
20141126	142057
20141127	105556
20141129	104511
20141201	091423
20141203	092044
20141207	104116
20141209	090137
20141211	125424
20141213	104253
20141215	113956
20141217	112712
20141219	102235
20141221	103622
20141223	090517
20150112	094026
20150113	150037
20150116	105412
20150118	104559
20150120	091222
20150122	090159
20150124	104148
20150126	091016
20150128	103926
20150128	175300
20150130	091036
20150203	095456
20150205	094701
20150207	110324
20150207	142436
20150209	092502
20150211	163711
20150212	090836
20150228	180537
20150301	110509
20150301	151117
20150306	101057
20150311	104705
20150316	075956
20150326	085536
20150331	132808
20150228	160317
20150301	130341
20150301	181458
20150303	091715
20150305	112222
20150307	104428
20150309	095611
20150311	081758
20150313	103035
20150315	094432
20150317	090833
20150319	090510
20150319	095211
20150321	134149
20150323	090111
20150325	131626
20150327	094347
20150329	111804
20150331	082446
20150228	120509
20150228	150949
20150301	121435
20150301	165938
20150306	121634
20150311	131945
20150316	094956
20150321	122709
20150326	105003
20150331	152034
