20150228 144258 1
20150228 185044 1
20150301 114752 1
20150301 162349 1
20150306 112849 1
20150311 124240 1
20150316 091246 1
20150321 114832 1
20150326 101329 1
20150331 144419 1
20150228 153237 1
20150301 124134 1
20150301 173817 1
20150303 082851 1
20150305 104454 1
20150307 100459 1
20150309 090858&091446 1
20150311 073912 1
20150313 095203 1
20150315 090450 1
20150317 202708 1
20150319 082641 1
20150321 130536&130559 1
20150323 082351 1
20150325 114324 1
20150327 090539 1
20150329 104048 1
20150331 101607 1
20150228 114834 0
20150228 172215 1
20150301 141039 1
20150301 192709 1
20150303 103622 1
20150305 132231 1
20150307 120240 1
20150309 110935 1
20150311 093214 1
20150313 114415 1
20150315 105814 1
20150317 102240 1
20150319 105610 1
20150321 144549 1
20150323 105955 1
20150325 143248 1
20150327 105544 1
20150329 133137 1
20141125 000156 1
20141126 111415 1
20141126 151543 1
20141128 121404 1
20141130 115330 1
20141202 110542 1
20141203 103645 1
20141205 102648 1
20141207 115722 1
20141209 101632 1
20141211 140916 1
20141213 115553 1
20141215 125115 1
20141217 120259 1
20141219 105955 1
20141221 113118&115136 1
20141223 094533 1
20150112 103135 1
20150113 160417 1
20150114 152716 1
20150116 113236 1
20150118 112236 1
20150120 095710 1
20150122 093836 1
20150123 150954 1
20150124 111828 1
20150126 094735 1
20150128 111752 1
20150130 094711 1
20150201 111454 1
20150202 101928 1
20150203 103253 1
20150205 102524 1
20150207 114314 1
20150209 100711 1
20150211 160238 1
20150212 094703 1
20141123 000520 1
20141125 030700 1
20141125 215941 1
20141126 085441 1
20141127 101659 1
20141129 100639 1
20141201 083556 1
20141203 084234 1
20141205 083324 1
20141207 100218 1
20141209 082401 1
20141211 121707 1
20141213 100118 1
20141215 110325 1
20141217 104915 1
20141219 094111 1
20141221 095806 1
20141223 082741 1
20150112 085723 1
20150113 141832 1
20150114 140933 1
20150116 101239 1
20150118 100831 1
20150118 122056 1
20150120 083419 1
20150122 082416 1
20150123 135330 1
20150124 100435 1
20150126 083013 1
20150128 100143 1
20150128 171615 1
20150130 102501 1
20150201 095905 1
20150202 085844 1
20150203 091636 1
20150205 090558 1
20150207 102450 1
20150207 134254 1
20150209 084856 1
20150211 151241 1
20150212 082737 1
20150228 130909 1
20150228 174527 1
20150301 104001 1
20150301 143437 1
20150306 093422 1
20150311 101049 1
20150316 072301 1
20150321 095525 1
20150326 081710 1
20150331 125138 1
20150316 083627 1
20150306 104914 1
20150227 182234 1
20150228 182558 1
20150228 142050 1
20150321 111200 1
20150331 140317 1
20150311 112532 1
20150329 100439 1
20150326 093722 1
20150301 112611 1
20150301 154837 1
20150327 082741 1
20150307 112614 1
20150331 090237 1
20150323 102333 1
20150327 101915 1
20150329 115639 1
20150319 101913 1
20150325 135422 1
20150305 115921 1
20150311 085602 1
20150303 095846 1
20150309 103302 1
20150315 102127 1
20150321 141554 1
20150313 110801 1
20150301 132603 1
20150301 185053 1
20150228 110319 1
20150228 162802 1
20150317 094553 1
20141123 003522 1
20141125 033559 1
20141125 223115 1
20141126 102932 1
20141126 142057 1
20141127 105556 1
20141129 104511 1
20141201 091423 1
20141203 092044 1
20141207 104116 1
20141209 090137 1
20141211 125424 1
20141213 104253 1
20141215 113956 1
20141217 112712 1
20141219 102235 1
20141221 103622 1
20141223 090517 1
20150112 094026 1
20150113 150037 1
20150116 105412 1
20150118 104559 1
20150120 091222 1
20150122 090159 1
20150124 104148 1
20150126 091016 1
20150128 103926 1
20150128 175300 1
20150130 091036 1
20150203 095456 1
20150205 094701 1
20150207 110324 1
20150207 142436 1
20150209 092502 1
20150211 163711 1
20150212 090836 1
20150228 180537 1
20150301 110509 1
20150301 151117 1
20150306 101057 1
20150311 104705 1
20150316 075956 1
20150326 085536 1
20150331 132808 1
20150228 160317 1
20150301 130341 1
20150301 181458 1
20150303 091715 1
20150305 112222 1
20150307 104428 1
20150309 095611 1
20150311 081758 1
20150313 103035 1
20150315 094432 1
20150317 090833 1
20150319 090510 1
20150319 095211 1
20150321 134149 1
20150323 090111 1
20150325 131626 1
20150327 094347 1
20150329 111804 1
20150331 082446 1
20150228 120509 1
20150228 150949 1
20150301 121435 1
20150301 165938 1
20150306 121634 1
20150311 131945 1
20150316 094956 1
20150321 122709 1
20150326 105003 1
20150331 152034 1
