9
13
37
151
188
153
210
190
138
180
7
18
30
84
186
208
193
195
202
181
196
200
328
277
197
243
263
227
-1
13
21
76
189
204
248
313
334
335
291
213
272
332
364
327
361
287
80
102
111
145
42
2
45
73
33
95
96
95
96
155
115
59
165
68
12
127
91
19
126
111
0
33
82
103
74
117
1
53
86
112
79
157
97
92
54
21
51
137
136
104
68
104
134
119
213
149
180
189
230
181
159
149
144
130
147
188
48
157
208
1
94
99
183
135
11
216
0
18
65
232
0
144
236
0
33
44
67
152
252
318
273
257
343
346
300
70
3
19
10
303
386
63
206
379
43
72
210
212
192
259
233
238
231
220
237
237
123
235
201
221
220
3
8
2
6
163
9
27
24
56
70
108
90
74
66
95
14
6
11
145
192
120
133
20
131
101
108
155
64
117
29
3
2
63
43
49
96
131
79
78
93
92
36
22
51
47
272
258
394
362
20
36
57
205
111
92
41
254
347
350
255
182
74
378
241
254
272
275
204
2
5
9
-1
24
41
154
280
247
163
